1955
1211709 4198424 4418723
1104588 2118728 5163679
9764607 1457074 4185829
9667507 5118627 9344553
2966647 6245340 6069209
4672165 5226922 6722559
6417092 8073218 9492871
6038575 3373682 5150567
6205878 2102713 2306927
3669192 9192621 5867405
2349883 3585527 4632792
2192619 7691229 1004355
8788348 5416869 5806820
3612206 7469763 4660403
2997331 9628881 5050312
6583652 7380709 2214800
3707330 3610522 2250218
3260619 8906773 2046840
7164248 8656937 5695224
9960831 8163717 1747530
8970235 8906773 3349375
5431498 1741463 5213194
4488291 3076998 7332025
6413031 3854250 1171221
8316691 2755833 8126929
6060465 3283873 3533505
4721710 8297990 6432349
8340834 4168859 8932259
8864733 2101658 7084338
3311195 1804963 8710668
2157913 5245160 6848982
6354573 1104507 8241362
1757769 7189035 7352060
7365254 6304740 6797128
5580362 9700266 6192010
6198467 4588474 9272311
9425191 2784664 8596477
9403219 9318938 8155065
3066124 5898890 6403227
5983909 7380709 8105243
4372054 3432633 7913959
8370846 7873296 4844490
5140928 1358967 6241145
9282963 3500882 1774973
6699793 2389951 3052224
4301373 2529076 7288996
3180436 7354578 1291533
7850752 4810660 4171916
1613066 5226922 1691458
7907279 2781061 3850538
2075047 8183303 9718012
9713820 5601423 1781308
2994951 8505031 7820212
1233314 6847706 8407839
9402432 8501740 7099490
2551054 6724706 8481201
6555197 8095250 3148313
1395603 9913777 9727550
8589773 5798808 2404568
4636985 9476480 6020329
9805437 5322979 8093214
9063490 9646617 8802674
4429626 9433805 1171221
2397937 9658420 9193955
9536915 6002365 3882475
5250255 9439131 9935467
5991257 6688959 1472309
6291945 4971085 7470869
1800103 7599627 3059301
6813232 3858863 9199604
1540059 4185829 9390857
6537492 7799963 7425735
7355587 2955164 1943750
2065740 7040616 3307366
1184104 6184725 1203647
8878712 5857458 6870823
6644938 4460306 1678793
9364966 4073154 1438113
3655254 2776627 6603041
5266955 3111987 4971085
7377711 3432633 1139414
5888728 6097288 7517146
5175416 1286229 8081030
1949803 4996307 5087550
2180904 8772363 7596085
3598249 1438113 1662582
4181503 8037731 5683379
6118752 2344165 5118627
9383007 3573426 3381899
8991418 1674922 9619698
1725993 8777178 5048914
1194077 7872682 5094907
2437414 1364094 1171221
4522048 7059271 6481223
3559308 4665065 2293977
7599444 8785774 7846326
7770568 8396480 8824566
7428161 6613886 3638468
6286626 4720047 9629142
7901141 6055093 6359694
7104568 5719762 8893300
3978237 4484370 2118728
3929562 4660403 1396731
5126940 2306927 4017767
6148902 8824566 2250218
9899545 1055047 6597155
9613399 3744450 4541841
3394092 3365760 4073425
3239111 6432349 5671929
9388844 7138494 6539504
2273195 1511159 2955164
2430367 7048520 3495338
8611480 6583040 1422892
5272435 6896213 9805276
2603367 6257206 9168192
5376733 2590939 2703118
6143234 4908768 2955164
6128410 6603041 8959397
1996331 8015893 3302115
8302232 5635186 7517146
3535644 6873463 7754450
6585787 1477257 7820714
6477809 6017473 4344292
8840086 1203647 7854623
8071194 5919342 9251684
5931184 4720047 5491787
1881820 7426159 2252167
2772830 9905141 2215009
2463953 1761560 2931756
1778150 6099279 1247501
3447584 2154807 7057673
9615879 2251521 6673843
5293057 3366132 4504091
6379655 9883380 4699029
5975451 3856664 5460907
8222408 9482469 9221733
2958113 7187335 3906919
3040699 3366132 5738533
3156975 2160928 3205840
3981795 5535784 7425735
6492543 7162857 2124757
5504550 7583826 2020033
6269855 3894549 2474597
6968725 4725917 6634913
3512064 9645830 3917463
5678138 7704045 8596477
5411542 2815573 2118728
4517295 5977870 7113222
7828892 6469075 1269049
6313996 9324161 3947473
6920144 1396731 5514305
2133424 4647542 6270140
8341497 9431996 2389951
7826257 6377827 8962083
8240855 8081800 1913071
3811578 2440371 6837616
7958156 5181500 5276478
7470188 1768764 3034055
3398362 1855326 1285329
5190790 7617351 7000494
8796478 1396731 3947473
1090935 8901659 7927486
7949288 1039390 2908991
7081309 6990148 5239701
4436317 8396480 5243796
3397149 4012485 1780975
6676129 9907516 1453652
6568840 7660213 6643797
4936219 6018060 9915391
4911563 6922141 9175976
5374947 2884327 7048520
7285325 9733078 4216629
7853249 9933847 4056843
2924105 4933385 6299341
4126110 1537156 7051638
4414926 4315074 3205840
6842827 1097348 3688829
2356798 2644898 1463216
6815468 1003170 4296516
3032257 3281777 7046150
4218703 9713421 4785845
4844357 8756185 9004841
9697044 2262405 6634913
9048032 1544265 5113901
9931637 6798660 5243433
6569852 8642656 8564475
5173372 7690338 3205840
8912339 8058120 1914928
5806048 3924354 6020329
2220745 6377827 5094965
4026866 4971085 5850728
3604251 8361143 9344641
8201275 3020607 3589214
9082657 4713789 6285020
5981192 4196198 1518478
8100070 3755549 8897015
1154633 2294777 4112836
4887910 6617447 2958398
9628706 7872682 1958361
3428750 7352060 4526087
4072070 2195375 1812297
9505265 8015893 2815968
3876190 2049255 8990083
4878870 9397352 2733680
5281712 5343568 4315243
7625563 6744385 3610522
1689184 4615666 3306180
5371448 5837222 9397352
6348691 5955234 2672447
7140176 2590939 9250104
1531304 4568695 9470381
5173177 6783684 2215009
4454043 2963130 6848982
3591410 1627405 6292907
2623542 6184852 4541841
3870858 5379470 9648702
9517914 3097806 2748326
7573310 9004841 2701303
5053140 8734244 8415395
9420053 3117601 9390857
5470299 9718461 6660986
3100581 2195375 5543843
8520864 7471607 1206792
5919912 6055093 9181693
3327655 4168859 4742516
7148006 7113222 7718806
2089240 3168249 9168239
7100296 8897015 8924435
8411956 2573480 3702294
9545827 1525743 5663604
8104386 1145758 1700306
5852641 8084086 6343717
6970513 8954916 2963130
6324811 7920903 6662933
5657891 2135421 6195899
3085527 8903613 1558235
8756688 7099490 6528974
7964936 6754956 4196198
9262694 4576470 8461056
8883947 8050263 6157029
7668093 8788457 3192212
4645595 5629441 9861226
9117547 9670159 9203721
5965132 3071356 6902461
5950305 4770590 8225297
2553040 6426916 2404568
1903552 8361143 4849972
4954227 1483822 2590939
2781635 6469075 7559547
3632899 8805041 3180978
1798911 5849430 7258610
3920428 8598936 4492553
2813133 8903613 5582011
2614170 3697625 1136218
2149215 7652344 7596085
3433367 6345274 3820888
6107075 9349355 9221733
4614951 6285020 7561654
9567895 8183303 5368900
5094594 1787352 6754956
9543459 7266683 9416121
2225697 8490145 3680839
3464414 7160287 4714107
9769718 1031229 1747530
7597928 9718461 8836763
2189361 8686910 3733155
8536775 3996076 2976155
2932962 3859051 5695224
7972769 3686108 8093214
6055019 4894282 6343717
7855243 2389951 7657102
6279157 7051638 1161609
2984485 3168249 7735460
6836398 9096775 9933847
5880521 5732739 3347811
6003017 3476672 3647724
7296353 5907652 1133191
8938647 9939714 1627405
2417463 7299842 5763327
8498131 7003836 3098326
8708223 6306757 2184091
5003500 5773067 3674429
5137650 3370709 8525007
4334391 2755833 2101658
4306495 2606768 1568944
7115333 9326021 1548908
1165195 9164457 9855176
5599796 2411645 6730182
8438838 5832427 6577226
6080996 3476672 9470381
4379311 1205367 3232853
6372978 7882872 4105349
2459571 5248235 4479390
3279484 3739803 5630014
4062341 8728270 9614183
7781360 3735218 3850825
9928600 4519780 3680839
9867336 9550305 6870823
5860588 9564915 3192212
1130099 9893581 2165941
2018361 7099490 8460818
9488121 4264104 3236650
2862123 1485733 5806820
6637823 3882475 6632130
6362907 4224293 2379658
9813051 6902461 6777872
1805830 7469763 3347703
4302605 3362130 2884327
8710679 3735218 3076998
4943404 3281777 5697775
4226859 3688829 6801128
3815687 5050312 7095080
3410977 5794558 6673843
5238981 5535452 8968606
1816954 8903613 7622951
2836978 8807123 3059301
1726445 4010859 5335243
5120162 7286143 4315243
7467943 2975604 5558618
8919177 4637480 5150567
6288554 8095250 7491807
5906176 3505747 8542241
7016002 6728670 4007706
5906850 4812051 1958807
4583554 2981024 8959397
8384972 3485635 3186633
8885325 9132947 7149188
4585844 9350024 3097806
3681318 3365760 6324479
7557086 8898303 4436541
4329472 3744450 6557242
4010899 4202453 1210022
9969159 2317595 7144519
6231518 4945416 1173336
8326183 5695224 3280440
4590471 6873463 9031133
8462854 2034289 6539504
9176889 4971085 5052301
5731933 7657102 3371770
9734314 5732739 4401057
4649797 9718461 9596948
9153405 6796957 7406678
9092235 4987407 3160551
2472630 8572264 7460452
6679576 8050263 4187322
2801919 8183303 6214323
4626912 5199385 4155261
9050970 2995558 1700306
2639410 4542990 5849430
9594438 2252167 7490484
8453067 6629992 7471607
2582717 3850538 2871308
6618943 8447684 5840440
1552199 7517146 5557018
8776817 7236758 1780975
5167127 1747530 5333695
3042079 9962179 5683379
3233564 5496394 7827806
6885968 1586935 4453948
8641625 6589347 7507248
8818134 6539504 9645830
3832197 6762387 9970272
6869783 6305445 3076998
3422408 8101185 8505031
4540465 3948784 2101658
8451877 9464325 4216629
1045669 3702294 1883069
4948259 8619855 2753527
4463793 7551171 5460907
7175652 4216629 9530947
7392042 5164469 5059580
5122392 6902461 3879587
6245833 4657244 6870823
4786270 6088376 4988320
2525792 1761560 4445230
1805082 1804963 3308369
1938921 2293977 3017516
8270336 9830083 2976155
6982702 6451077 8396005
4188831 5343568 4423818
1973387 2574134 2748326
7740122 6993421 6377827
6818743 8456404 4512339
5366718 2246555 3401086
8849971 5360952 8560277
7841003 8238356 6643797
2607198 9155571 8456404
4915148 6055093 5596162
4715236 8847910 2227164
2817461 5955234 6426448
8314152 5243796 2366832
5474577 9217052 6947824
2206579 3507501 1457339
6000383 4665903 3878717
2274801 6870823 6085727
9369815 3122014 7482746
7977936 9596429 4785845
7860246 8861953 4263968
5809714 4635796 2288711
6164580 8523573 1188863
2013328 1525743 4517577
9640296 9268931 3760986
7129974 1680602 9459664
7662009 7512586 4305520
6019446 6660986 8893300
2217490 9221733 9128062
1198234 8164187 7946219
7422591 2474597 3981047
7270117 5295688 1210022
5647211 6067183 5761731
5989928 1913071 4909572
8907383 6445775 5941805
2180290 7167267 7149188
3599355 7872682 8517304
7018914 9913777 3786746
2490070 5072594 5652229
1729887 9714975 9588363
6793027 8229974 1761560
1261151 6529853 6896213
8965134 9089366 6339444
3875025 4913926 8466467
3459473 9477754 5805401
6505970 7977373 1012728
3633242 1810044 5988872
8387274 4512339 8960969
9070405 1012728 4632740
9144756 1385149 6445775
6660959 8925026 7517146
2195573 9560958 7380709
9078175 5248235 9492871
6850030 3345792 9813648
3861781 4894282 6625234
4845747 8126821 3345792
8527237 1205367 9107781
5886121 9164457 1503449
2970268 6451077 1979752
9461436 4940762 2898496
1789624 2028654 2812142
4197750 6532163 6055093
7455000 9646617 2451335
4088380 6805526 4725917
1269833 5820263 3361999
1273744 4777270 3739391
1098123 6458958 9482128
4507948 9505852 2529076
9140083 9109841 1479429
6582233 2550482 3638468
7285330 1206792 7558899
9707859 1205367 4632792
8730174 9817249 7187003
8978252 5867405 4679014
9073381 7630605 4315243
5977472 9628881 7691229
8568844 6113733 8564475
8998736 4021877 1579766
2467807 7380709 3401833
1160172 5201107 6380370
1002814 7872682 2419370
5892652 1203729 3705583
4932239 1136218 2574134
9421993 8958698 7305879
5802076 1037061 5867405
5816383 1948525 3894592
3986317 3447970 6132200
3375499 2590939 5263187
2692032 1136218 8073218
5966230 4684219 4643935
4013313 1210022 8294615
8155408 4358936 6088376
9171693 1631212 8897015
8493953 4305520 4679249
2632049 5150567 8048857
8811481 3195240 7691229
9521494 5450526 1409515
7162016 6532163 7432652
9687429 4344292 6801713
1437896 3097806 5546314
8173754 4420201 3702294
8306178 4436541 3448977
9762219 7460452 6455264
3112054 5724618 8851674
5604801 6130889 3306180
7416879 2094012 7354578
7706661 6191622 8893300
7766385 3337905 2608419
7704204 9584873 6754956
7769734 5720423 6030846
8846248 3168249 3640580
2666123 2815261 1801405
3395322 6629992 6870823
9569469 2094012 4321948
4231197 3281777 3086615
4354094 7187335 2037788
6676402 5289247 8096076
8587620 9482128 2308005
2629651 8901659 4351485
2143799 8580121 1761560
9249358 9193955 5209969
7705738 2703118 5491787
3261144 1463216 3337905
7585947 5932666 3850538
1475664 6195539 2621707
2695147 4730556 9941446
3670281 6611156 2332464
2696804 3944576 7084338
2189351 4700392 4808796
7429705 9459997 5835021
3497153 7747713 5213194
8886688 5072594 2440371
6918846 7048520 6898646
2207606 6018060 3205840
3395405 7134554 3366132
4114092 5493667 1249506
1990621 9596429 3140252
4533599 1314654 7465412
3283160 4387844 7123692
3827474 2337310 6902461
7817018 9421847 8007011
5408266 1457339 8836763
4380947 4846509 4198424
6940061 6087930 9989837
6835016 5246501 8155065
2187839 2317595 2018766
1348516 5066208 8636960
4977069 9628881 8084086
8323501 7523327 9971067
5020916 8847910 1695681
9306329 8061403 7583999
2651288 8096219 7827806
5671571 7383222 5773067
2096203 9132947 1012728
3553999 3195240 8847910
2667406 8718405 3485635
7793083 1676555 3640580
8419978 8128726 9221733
6335526 2782312 3669410
8621860 2703118 2523873
6273739 5608550 4168859
5854144 4112836 9718012
5710899 9381613 2854651
5121427 5151846 6304740
1519538 4008198 1203647
6024112 7288996 8084086
3749046 7512586 2815261
1927241 5048914 1581001
8703381 7657102 2375030
6084744 7030056 1045662
6915226 2154807 8461056
2337986 5497733 8686910
3821471 9439131 2384355
1923024 7778806 7657102
5252428 6782539 4643935
7856640 7460452 6218764
3722790 4725917 9094820
5236671 4632792 8577141
7044390 3306611 8093214
5849289 1927280 8883267
7731250 4696025 8596477
4698973 8580121 3760986
2512013 3046552 5559177
8350095 3034055 8073218
1035727 1761560 1365882
5860937 7432652 5896456
1929459 3034055 7178341
4993621 3098326 8460435
6257541 8796480 9421847
3524296 6598342 2293977
5124736 6299341 5256059
9136481 8042209 9155571
6673154 1280946 4014459
3951820 3365760 7353439
9633420 1810044 4017767
4338447 4332330 6445775
5829827 1004355 5569726
6711004 2717770 5286043
1792812 7448467 4418723
7156413 1358967 1191780
2006727 6020329 9268931
6974967 8787535 4585697
1801602 6270140 3269525
9708079 6055159 5450526
8616617 1170965 7352060
1907417 2673557 8616338
8453011 2394457 1781308
4926895 1122302 5226922
4408815 5861010 8183303
4367247 8939184 7882872
4357387 9109841 9244485
6071240 4594296 2344165
4824739 7299842 8241362
6141681 1636873 6825350
3255711 3878717 9487744
8929364 6203049 5867405
3898860 7760545 2404568
3548075 3855183 1173336
3782568 4588474 5987890
4365622 6174474 7657102
7794037 1064470 8530089
7958791 5257081 2404568
2900177 6380370 8181561
6626672 3425501 4186263
8348445 1662582 4015412
3844605 7149188 3858863
2677747 4021877 1636873
2861829 7817146 8768854
4685988 4601656 9913777
1743204 1626676 6257837
1915821 5460907 5985233
6813905 3122884 7946219
8339218 4877391 7523327
4686155 6896213 6469075
7440287 9123162 3361999
1909270 6304740 7369895
3828164 9626369 7380709
5941555 6469075 9420604
4643926 1280946 8636960
8445735 9718461 7269259
1456654 5663060 6339444
2513293 1804963 4694828
7040419 4770590 5343082
8794992 9096775 3337905
9141567 8960969 6445775
9596795 9379272 4168859
8956924 1004374 3733155
1678409 2583175 6754956
5204525 2971961 7523327
3711723 7099490 6302212
2044305 9732228 7583826
8407468 5309087 2709371
6885984 3233282 5482180
3354456 6288349 8183303
2763620 3996076 3500575
9497226 7660213 4453559
2154841 1102383 2963130
8265428 6164001 4635796
6150798 3071781 9155571
6647532 3186633 2659308
2116331 1626676 4817066
5427778 9596948 9854249
3224969 3447970 2781061
9968365 8333521 4436541
6664793 6021326 2414564
9240930 7471191 8332745
8256917 1674922 8592414
9965055 8535191 4504091
5204937 6152953 4714107
9291233 9709769 9109841
3489060 7095080 2981024
2412882 6667444 3813256
7930533 5343082 9765412
2370033 8903613 2981024
9210489 6245340 2815261
5701515 7783008 5048914
8875409 9648702 5272578
1285223 2717770 9326021
5959377 8482406 2215009
7520820 3642406 4730556
8164997 3585527 2622344
6835218 3894592 4202337
5904277 2317595 7065375
7853588 1384926 7508409
8222056 8484965 4635796
4234783 8523573 6045617
8348241 9109841 4321948
8546491 8464108 5514305
3095144 7630108 2963130
1682568 3610522 4019255
3448839 8525007 8578743
2600411 6345274 5760351
9812442 4808796 8679521
3929084 1518478 2941363
4483364 9439131 6529853
3997198 7030056 3514429
5060420 6414110 4770590
8187942 3167303 3281777
6698126 6539504 2186886
6884786 1704615 7744579
3354743 3672853 7385053
2748701 3098326 9102438
9821692 1802682 5569602
6861978 7555546 6377827
2441111 1676555 6634913
8090075 2184091 5181500
1291347 8620365 3098326
4089703 1881490 5482180
6680577 7920903 4622212
6608849 3281777 1121122
1640719 8553020 6099279
2029405 2493422 7641573
5719235 2118728 4522632
2817746 8530621 2620048
6230503 7469763 8887383
7084559 6476273 8958698
4374145 1801405 4679249
8544903 2608419 3474541
5422003 9830083 5920182
6392246 4987407 5867405
8023120 2003803 2504002
3561936 7888848 6603041
5753979 5994018 4725917
1685286 7523327 7934813
8068022 6902461 1971620
1080449 1822629 4543860
9899048 8785774 9223378
5494884 9596948 4504091
9211037 9058822 1358967
9440367 6356141 2493422
7620163 4237124 2404568
8471157 7882872 3098678
5879544 9904070 4049399
7069061 3573426 7176566
3501462 4298810 4892658
4364794 1846080 5558618
4725636 1315403 5732739
3797938 5671929 3717579
1473171 7719978 4808796
9579219 6859495 8619855
3164007 1004355 1377636
4972539 4987407 5837222
7744621 2332464 4470318
2079636 7779807 8061403
1353505 8323972 8093214
2533601 1070732 3672853
8234097 3759738 7617351
2655359 3739391 8363101
1676169 2449395 1171221
5327072 7299842 6922141
2080159 1626676 5066208
8770049 8070730 9421847
8331243 4291823 2659308
8578925 5035714 6922141
7318236 6069209 7558650
9400667 9175976 3349375
4951966 8543977 8765010
1930488 8038762 1016079
4606102 1888396 6380370
9070825 1812297 4583105
8749027 2884327 4541841
6355874 6724706 8751165
3037398 6294321 3894592
8686610 9503861 2976155
7280302 5806820 3765319
8407707 6414110 5456491
2001154 9915391 8299125
1429781 6585935 4320163
9715276 5514305 1124558
2479262 4492553 8104294
9284532 7780061 6414110
5963979 6377827 9865411
7942649 3500882 5059580
9086929 4628544 2434386
9602377 3361999 6360190
2601674 4141516 2511916
7051261 3168249 7439625
3140283 3702294 5869997
7021234 9031133 7949598
5207073 2227164 4854744
9177061 8126821 7352060
6200766 5243796 2638600
3726681 5849430 6687558
7713483 4568695 4700392
5072525 5344625 1203647
8823717 1950773 4720047
1767137 6801713 1610523
1455512 2753527 7110972
2871203 4058345 3702294
6634008 1205367 2444559
3898286 1914928 7850423
6024283 5630014 7433072
1861728 5075101 3145424
1216738 1597835 5773067
8377514 2609306 7523327
9907232 8527334 6099279
3619875 9381613 9096775
4631107 7425735 3580042
9631674 9843849 7523327
7362948 6922141 9464325
7843814 6723018 6299341
5277935 6294321 7745490
4761232 1055047 4086379
5106365 2695050 1518357
1558836 1586041 9492871
9202669 1913071 4305520
7199819 5883689 7704045
2369363 4753967 3235439
8466844 3620842 5496394
3778861 8899381 2620048
1707235 8188759 8805041
5696280 3059301 1041264
5830213 1313852 2003803
1896652 2955164 1599476
4204470 7057673 8502567
5620051 5892844 7784709
6472118 6183637 6020329
1156123 9855176 8181460
2752258 9232426 7380709
1700072 9505852 6080351
6192736 6909164 3733155
9141972 3996076 6139497
5075084 7046150 1381701
7692079 9648702 6535865
1514052 6801713 1635448
8309748 8323972 6634638
5770105 4643935 3307102
7258409 2898496 8114800
3911830 2815968 9893581
7161194 6030846 4445147
3125179 4730556 1367179
7232555 2531306 9482128
7555897 9907120 5630014
7185029 2497869 6481223
8820095 3124186 6299341
1026009 6336818 7258809
5980473 4486132 3059301
5591672 3158874 4460306
7432975 5886183 2910832
8392893 5762547 5569726
8997389 9048411 7448467
7310167 8858869 7258809
6795732 7409050 6285020
8933421 3846235 1055047
2545918 6688959 8297990
1942961 3145424 6408463
2228935 9221733 4049784
6275452 8061403 8233006
5413480 8673990 8686910
2606855 9326021 3948784
7610911 4583105 8787535
3827008 1055047 2873483
7936974 8181460 3948784
8760189 2832798 2474597
4406289 9019463 2766785
6514213 2095642 9251684
5651888 4808796 9209743
9850096 4751376 7657102
6761165 8101954 8155065
3395701 3107313 9785734
4255695 7200831 7873296
9105890 5671929 6629992
8797934 2430149 3733155
2347299 9718012 4224293
4306220 9777585 9505852
8668003 2574134 4325942
3411353 6190873 3362130
6950312 3025950 4216629
6453241 6585935 5883689
5542645 8045514 2753527
4259647 8015893 8642656
5338455 5732739 2951029
1124498 8756738 6292907
7566464 7583826 8219130
7290776 9810383 5309087
8570202 8523573 8919533
5228719 2666989 3306180
7060544 9324161 8188759
6063444 3278591 6872169
9719954 5902671 7558650
1055085 9421847 1253738
1194424 3733155 7083766
5280854 2920542 7886890
6076618 9902941 7469763
4101013 5460907 7152081
8913865 5908907 5309087
3999669 4714107 6457499
6463818 1704615 5720889
8489776 8047861 1626676
1960248 2118728 1548908
4393275 1822629 4753967
5720897 4635796 5559177
1252426 7840221 9381613
8378258 6148796 9381613
8784359 8070730 4138597
6533193 6088376 4036173
4608636 4370981 8525007
4889837 3361999 3213507
5436004 9255611 2332464
4332410 6529853 8756185
6433241 5048914 3539163
1374659 9500872 2332464
5539215 6445599 4460306
8575980 9123875 8851574
4136201 2118728 8764421
4070105 7244173 4247413
1387120 8225297 3507501
4657754 6756467 3281777
1315610 2223769 3688829
9927559 6095205 8787535
6547683 6414110 8816820
6412530 7178132 9147709
4803041 8936570 3882475
4386861 6336818 1676555
4494956 8095250 6490105
6911461 3703682 5295087
9189032 9123875 5749070
6443362 8663635 3205840
4614285 9155571 7149188
3786003 6403227 8164187
6216277 8530089 5702189
5783696 3160551 2332464
4979835 4021877 9347173
8656017 1781308 2453333
3749859 5269313 3705583
5238916 7040616 9804489
6872455 4808796 8808269
9748848 1206943 5335243
4177701 8020230 9755759
7733245 9564915 6848982
1619190 7617351 8164187
7672093 3122884 6126021
4849901 1286229 2251521
1285307 5935585 8616338
2600607 4387844 1812297
3052818 2294777 8066916
9590596 1055047 3944576
3441623 9713421 9302687
3302265 9251684 8066916
1478112 7266683 2617379
7210285 3241438 3687253
3959434 5394446 7980385
3565119 6360846 9907516
6601253 4695582 6132200
3303618 9915391 3432633
2539743 7817146 7390644
7049312 1626676 6092824
9165481 1626676 9076959
1652864 5061443 4453559
1787229 2608419 5549748
4877728 5837920 6021326
3180208 6190873 9470381
3309253 2215009 4568695
8399646 2590939 4831050
9496455 9350024 9872703
4265171 8680012 3476672
2744140 3589214 4537967
8822938 3005660 9217052
2799104 2668549 3589214
3270701 6589347 4603587
2441258 6195539 9342160
9779167 4436541 5609501
7580865 9350024 9856458
5237054 1330935 5732739
6609122 3855183 8024780
3263269 4168859 4671387
8515542 8361143 3498297
1988127 3742666 6577226
2630186 8642656 7490484
6911853 9904070 3626200
7638374 5073316 1003170
6638967 4892658 9079294
4295434 5706379 8891357
7495119 3186633 8456404
8025555 3717579 9170415
7667304 7827806 4851284
8051177 4186263 5763327
1362806 4661074 8619855
5221668 4056843 7304899
4721116 8155065 4445147
8039898 2046840 3401833
7144933 4906828 2880699
3295256 7113222 7288996
9480226 5536680 8050263
1156961 3739803 3939305
9540904 3080918 8297990
8935400 8095250 7058476
2325885 4477504 2511535
9531005 3436383 1003170
6025084 5835021 1537156
8900989 5360952 8931899
4168984 9193955 1476375
6284498 5695704 6667444
9056590 3787067 4185829
4287769 2492614 7920903
4677539 2440371 6269588
1834515 6423517 2380185
2413292 5558618 5101780
3775841 5683379 8992231
3159062 3760986 4945416
9434089 7599627 5720423
8751137 6798423 5048914
5762653 8609710 6585935
3188741 6304740 9408988
9978708 7496622 1700306
6037516 2474597 3850825
2305217 1518357 3620842
7889249 2829394 6195539
3594479 7018629 2782312
7507440 6878285 9861226
4558163 7820714 9879245
8801575 8734244 8652511
4752004 6343717 3485635
4028345 8787535 7070065
7434416 7558899 3236650
4603354 3052224 1674922
4474981 7980385 5087550
3529732 3514092 8542241
6839158 9264048 5907652
9499404 5867405 1246944
4595690 8323972 1611436
9618581 8110203 3948784
4761155 8622295 2955164
2919274 7558650 8211970
2032588 9813648 3697625
3919835 6192010 4971177
9084733 8081030 2622344
1375031 2294777 9217052
3188410 4477504 8807749
3855653 8061403 3694832
2768683 8891745 6195539
7917063 8998359 8897015
1643005 2225831 7167267
6772659 3518223 4440562
7289328 9251684 7937526
3328879 5050312 4603587
7043431 3702294 3101056
5060411 2719975 5248235
9848894 9004841 7763629
2167965 4224293 8456404
6637702 3192212 7525516
4490585 5051797 3034055
9633453 4588474 9769914
8050220 7759715 8093214
4373585 6906907 2511916
6087504 5872278 5730653
5748690 2364897 1285329
8818486 6825350 5295087
6945385 3672853 3504495
2782432 3640580 2766785
1802260 5695224 4992095
1358080 4296516 3934237
1796320 6192010 6102656
3075010 1943750 2766785
1020473 5872278 4661074
4320603 6245340 7946219
4436437 1449716 3366132
1206320 3820888 7046150
8523884 6067068 5773067
3922785 1586935 5365596
7440744 4045226 9164457
6463914 8734244 9559629
9675927 9356414 4460306
2740098 3688829 3082779
1432442 4721263 5048914
7515538 3688829 3600604
8428976 2293977 6628806
1190349 3485635 7200831
8958665 7419586 8542241
1498560 3739391 1975376
1998258 2215009 8361394
2109207 8146394 6902461
6093458 5557018 2673557
3313972 9193955 5079291
7880229 8686924 9431501
4335886 9704532 7266683
1238803 3205840 9554968
8434324 3753954 7517146
2765750 7653197 8807749
5996846 2251521 6245340
9457469 7352385 3269525
1721660 2855849 1958807
3509297 1548908 4196198
8968876 1662874 4906828
4898523 6865198 4877391
7538058 1626676 4722250
2958985 1958807 6928846
1245149 5907652 2828378
2456459 5338457 1822629
4092797 7508409 6184852
9609234 7641573 7419586
5331825 4412798 3882475
7760862 8299125 1700306
6383311 7504347 6865198
3286778 9309043 5059580
7371367 1463216 5035714
2731729 3190061 2195375
9451466 9985663 2317595
1441361 8332745 6712119
5073127 4672532 4906828
9640737 4996307 2574197
7362435 2962646 2404568
2408343 1796800 1627405
2782572 3432633 7037529
9066563 3301908 6777872
9521813 9431501 7186922
7321307 1493861 3672853
4826233 8110203 8299125
5548315 8110627 9164457
9213315 3306180 5245160
6872051 4635796 5971866
2396128 3145424 5661906
4798314 4971085 9670159
5935605 8978439 6688959
1163486 4699029 4423818
9584543 3447970 5609501
1879705 8801332 9834532
7414448 6865198 7556649
9881703 9813648 8847910
9993129 4696025 3195240
1538413 2421317 2997342
6363296 8169262 7030056
2236753 9880719 3533505
9798535 4913926 7200831
8044611 3585527 1206792
9915455 1525743 9431996
6877655 1617181 9324161
4985203 6432852 8505031
7629724 6285020 8846597
1751675 4492553 4474167
2202531 1307178 4155261
9499876 6660986 8535191
6729673 5701065 6345274
6617331 9217052 2615121
9833836 8577141 4730556
1632488 3426634 2195375
9261420 4286309 1761560
6450747 4730556 7072142
8944569 2451335 9128062
7408208 6465822 3705583
8765928 8155065 2233380
6342442 6174736 8891357
2347826 2737235 1804963
5671850 2154807 2526192
3220752 9109841 5570538
9475306 4014459 3507501
3289463 2101013 5295087
6789111 2293977 5546314
4649311 6298100 2548414
8280105 4647542 7558899
6623253 5035714 7704045
6255951 3620842 4460306
2679824 5462022 5226922
2553884 8594844 9904070
7734509 3107313 3794303
1744360 1958807 6615799
9385098 4247413 4263968
7076723 4477504 4237377
1352414 5763327 7144519
5013574 3589214 7434993
4399506 9217052 9380654
7894728 1914928 8098218
9918999 8032201 8796480
2478910 3735218 1173336
7499360 6833830 4216629
9397644 9479524 3518223
4322818 2815261 3887681
3294858 7658129 4247413
5500593 3858863 2748326
5712501 1534596 7352060
1006366 3832441 9505852
6794478 5649050 2306927
6993906 4721263 6739700
9288908 6408157 5609501
3271513 6132200 5272583
4054287 3361999 9073808
8409944 4753967 4628544
9619579 2285032 8616338
2184586 5806820 2167335
2531166 6602478 5309087
8158258 5133825 6377827
7700044 2251521 3623115
4850916 6339444 6257206
4455630 2497869 4628544
2661419 2339435 8901659
5273598 2440371 5727158
3781699 4699029 5535452
6250465 9633294 9482128
7154284 6649657 1203647
8584815 8407839 8457634
2918950 2920542 1921262
1880764 9526285 3302115
1592172 6055093 3211637
5169039 4945416 5394446
1511454 1533376 2620048
4751066 5663060 9344641
3366492 7390644 9498596
8727553 2344165 7729931
1807097 6745569 9217052
3450969 2459746 2812142
4248958 5150567 8529148
3273581 3122884 6243142
4238022 9036525 5243796
9332662 5880682 9632241
1356059 8396005 6590372
6370239 4674621 1424881
8021345 6190873 5289247
4712715 8294615 7471607
7762613 8212144 5920182
3213285 3851891 6445775
4615747 3727176 3192212
8829317 2497869 6634638
9974681 6132200 9833793
9052168 6743118 2526192
8659781 5474036 3624418
3918643 5896456 6778613
6479492 4247413 5564917
4274509 2529076 8553020
4350970 3145424 3990470
4206732 9904070 7815789
9488043 2606768 5532579
4246694 6285020 2948213
2085211 5048914 1408942
9913832 5837222 9268931
8408430 3229896 2135421
5189556 7385899 4725917
4611142 3380224 7048520
3598722 8096076 3080918
2278244 5892844 7410302
3872708 8095250 3917463
9837043 6766440 2451335
6512247 8412362 8163717
6186032 5877838 8960674
3526708 7123692 7038476
9417231 4854744 3160116
4614228 6257206 9147172
8303319 2620048 2941363
6759427 6345274 1824329
4123518 8421603 6870395
5292178 5942768 5835021
4885015 1012728 3486742
5798676 3500575 6712119
2290238 3366132 6697461
3562716 3432633 1285532
2727221 1424881 3850825
7228848 2246555 5040887
8155266 8858869 4492553
3724475 2434386 6292907
6826619 5601423 2599650
9596038 1877541 4155261
3037535 3542839 7523327
1909031 4015412 3039238
3617186 5695224 1280946
6323953 4185829 3258797
5748704 3894592 9439282
1291867 2379658 8673990
4253372 9478016 7178132
8150919 1161609 1927280
2882910 4978287 5880682
2428581 2958398 8785774
4919621 5102843 3361999
2340156 6055159 7583999
2068546 5360952 8756738
2344563 6298100 4445147
3736634 3751824 1021231
7718264 1872573 2404568
5962786 1803296 8523573
3984687 3117601 2606768
5354501 2782312 2590114
1115922 9793263 6585935
5234603 9126053 8407839
3021506 4971085 6813479
7906626 7099867 4460306
5025757 5243796 8773949
5870730 5922544 4071490
9686177 1611436 2124757
4778092 1231129 5558618
4708594 7178132 4374055
9379977 5630014 5815635
4727867 6139497 3362130
1255038 5248235 9805263
5495591 2470947 5668841
5194259 6380370 8926201
7788553 8050263 4138597
2581574 6304740 7271001
2104803 1913071 2990769
1541728 4940762 5379470
6571064 5652229 5683379
8868356 5437937 7354578
2857669 4291823 6332270
2176391 5896456 8994081
5058211 7187335 8762764
2993908 9656025 7099490
3639992 1802682 6021326
4270969 9164457 2830466
6368694 2687503 8212144
1327948 8895908 6414110
9081721 7057673 7712760
7501222 6684240 6192010
8780451 4576470 4258758
6035564 5226922 3707784
6708346 2225831 3107313
6010063 9048411 6195539
9851909 8960674 2511916
2969043 7565635 7144519
6474489 5978841 1913071
3343994 1914928 5343082
4316542 2640684 4721263
8428449 7490484 8126929
8231539 5343568 4001552
4878218 4808796 8800865
9330863 7980385 3235439
4378132 8446357 8734244
5263124 4590230 9431501
3095353 1591517 8032201
6299980 9199604 6055159
2694695 9693586 9883380
3851157 8071158 2003803
9586171 4512339 4588474
7197927 2380185 7586992
5746230 2511916 8768319
4406197 7873296 5097241
2537910 3366132 3903272
6630801 4325942 3634422
1650119 6792597 4168859
5174100 2731483 3820888
7412362 7873296 1500824
3825205 7095154 1913071
3814036 3619735 7827806
8689728 2523873 3199466
9242874 9019463 8076797
8539027 3098326 9341376
1574641 7084338 2812142
8976437 1055047 4014743
2785440 3917463 1457339
6471594 9817249 5973684
9583834 3209946 7178132
8666973 5868245 2590939
6390517 2574197 5924985
5261552 9805276 1453652
7124013 2731483 1381701
5757080 8530089 2815968
6247587 6414110 1932156
9730580 9009424 8110203
7715382 8620020 3882475
5971844 5657250 4808796
8154448 5573034 5482180
1229463 1357081 6811488
9949225 4643935 3071781
6983044 3059301 4832442
4367686 9645830 3046552
9381561 1877523 2511916
2360221 7040616 5674371
7441308 5663060 5988872
1086217 8461056 2755833
6714713 2278146 2474597
4477546 5920182 8059446
1577538 2250218 8481881
1153137 6469075 7503776
2481918 6634638 3370709
6956925 8543977 7554801
7168355 7820714 3932203
5971209 8831872 7178132
1682106 9431501 4574087
3556273 8787535 9610247
5527510 6299341 1198546
4797740 4021877 9845397
1255428 2858337 7873296
3563865 4423818 1016079
8793860 2548414 5988872
3019347 3107313 9656528
8630296 8190362 5248235
3171418 5067077 8110203
4476598 6739700 4017767
8958225 4439615 7827806
6656887 7432652 3233282
4610600 3098326 4882680
3381020 2829797 1586935
9879945 2165941 4341735
9736767 6442444 4720047
4678598 1253738 8901659
5003494 7286371 5360952
9601880 3071781 5075101
5517636 3500575 7558899
6252590 9004841 7863489
5928738 8569886 8183303
9645216 6885574 6020329
4709765 9439131 9875912
6776171 4904024 1012728
7385621 5295087 7606832
2993561 8535191 2470947
6552583 1617181 8412362
9636278 7596085 3145603
9317318 9089366 6667444
3443670 9245715 2782312
9237791 4477504 7959735
5745598 2474282 3432633
4894976 2719514 7558899
2053068 2124757 5204977
6294776 9913777 2459200
4550824 7872682 7770975
1285976 8066916 4224293
8258258 4229291 6724706
1353115 9004841 2615652
7810350 3077420 9646617
9319820 8175312 9164457
3101240 7383222 6825350
7056737 9770311 2049255
2158405 6380370 6859495
3651802 6585935 4315036
8814188 8280849 3059301
3168963 1697643 6754956
1768930 9386335 9904070
4424473 9193955 8057615
1696838 4346794 4720047
5158182 6036162 3098326
6596114 7258809 3760986
4900985 3887681 7123692
2294427 5335243 7653197
6559942 9302687 1345444
4649093 8007011 8594844
4859295 9817249 1586041
2076101 7920891 3306180
8112945 3205840 4517546
7444012 1358967 9344553
7380720 4453559 6724706
1625079 9760663 1822629
9898398 5896456 8867087
9334784 1205367 6363158
6662592 6542613 4588474
5971682 9503861 4791869
1354415 9193955 1252424
9586722 6927800 9108251
2306658 1976100 1438113
6990675 1804963 9723817
6360305 2213244 6002365
6455538 1390764 5243796
3448354 8067342 2511916
9257540 2695050 8007011
5148009 2973556 6589347
6475963 6739700 2135421
2607730 3199466 9175976
5766513 4785845 3020607
6191317 3634422 4524657
9158446 7482746 8541463
1448319 4483375 1039390
4418203 9464325 7565635
7176442 9397352 4053921
1306684 8620068 8787535
4597060 1425672 7882872
3395016 9135404 2046840
6499505 4048693 2511916
5012562 7596085 8987345
3366198 3476672 5170801
2027566 7385053 7641573
4109185 5608550 5883689
6210344 3634422 7906159
1446589 9771071 8061403
2137441 3106607 1586935
5690806 1453652 6336818
1167686 1761560 8105469
5807488 9439131 6738702
1854575 6873463 2012777
6586982 9834532 3623115
2938716 7038476 7406678
1866576 6217891 7820714
3041940 8720497 7460452
3255939 4044278 2620048
8562130 8059297 5295087
9766903 2526588 7030056
8857053 4155261 2920759
2912658 9459664 5239701
7397066 3939305 2526192
5036953 9439588 8564475
7363559 8673990 9588363
2242365 6532163 8572264
2759907 5806820 9713421
3346625 4725917 6881937
5978103 2782312 9701376
6178374 8505031 7272159
8246777 5546314 6360190
2497195 4112836 6192010
9256295 7164595 2717770
9175386 1055047 6190141
7492490 9997821 5209969
7126585 7392226 7352060
6469224 6583040 9302687
3372035 8212144 3549739
3596413 4112777 2184091
7319965 5496394 8594844
6999769 2094012 6139497
7271388 1285329 4673505
4431947 9596429 7745490
5135570 1391749 5450526
2078093 1345444 3020607
6810204 2753527 9731840
7155766 7187335 5581523
9463594 9049139 4730556
1770150 5064259 2195375
9286777 9431501 9498596
4712924 7106090 1804963
5418123 9157102 3686350
4428265 7583999 7653197
7082868 3145424 8559875
6583261 2246555 3538136
1440761 5902717 5243796
3708722 1796557 9439131
7156623 7187335 8614297
8610689 7269259 9344553
1716110 1039390 2997538
2714645 3192212 8532391
6735853 8756738 8460435
8566135 5360952 4724413
7252429 2440371 8655143
7893156 1012728 5014519
2447822 7045689 4315243
4126651 1345444 3705583
2712424 7040616 2546269
4545839 6020329 7280305
9718552 6360190 8670552
4602501 7747713 3370709
3011747 6500988 7617351
3359086 4264104 6270140
8430874 4720047 9843954
3120745 5289247 3742666
4801955 6634638 8407839
1438706 3739391 2682589
2589910 5335243 8172129
6725439 3111532 3281777
5550621 4165970 4714107
6425568 1205901 2920542
4721801 7512586 9861226
9077461 9187904 6161268
3875903 7556649 3135659
8853789 1657350 4021877
9137443 1111242 8133032
2071022 6190873 4344292
9609148 5276478 1802682
9314954 5724618 7266683
7547593 5880682 5495859
2193388 3763210 4588474
2544009 7949598 5243433
2080302 7561654 3052224
5438217 2497869 1883069
6546357 4647542 2920542
8243187 5761731 2672447
5342728 8081030 1537156
5638265 6712119 3934237
1743619 4247413 5494998
1226210 9763022 6285020
1026862 8705874 7425735
9607907 4387844 3326681
3592021 9310280 9834532
5988956 5050312 3878717
2125825 2842820 7882872
5199672 8824566 1704615
1021547 6298100 9477754
8169877 7817146 5880682
5794591 4940762 9089366
9091985 5877838 6811488
6783095 1958807 7313953
9585947 3186633 2379658
4949977 8286439 9431501
5852232 8959397 4622212
9722327 8616381 6870823
5416863 9547623 3306180
1272036 3996076 6190873
6204276 7038476 4583105
8702131 8949524 6055093
5144253 5896456 3390224
2334072 1021231 2262405
8987141 6294321 7784709
5098588 3168249 3807409
2571436 8580121 3160551
8772299 1308151 8734244
4232685 6724717 9164457
5560165 8968606 7385053
7419174 9883380 3657482
1211269 4854744 1695681
4391372 6708580 5059580
7423820 8059446 5849430
3692144 4660403 2673557
5709897 4185829 6715756
7010504 3140252 5394446
1834664 7873296 9969271
9695934 6722559 5557018
2630174 6432349 1249506
2556281 5898890 8274693
3033271 3076998 4389758
2350718 7469763 6538935
5651399 9221733 8366518
3611555 5061443 4155261
9215251 8968606 7419586
5210491 1161609 8081030
1862274 9830083 8734244
2486029 7615447 9904070
1461101 1285329 6708132
6874917 3365760 2640684
6503572 4215728 2246555
1501262 1591517 7383222
7741052 5497733 2379658
7368871 3558250 3107313
3844368 4031027 9109841
9844439 7534779 2955164
5922532 3476672 7689611
7956617 6625234 3381899
7047209 2434386 7596085
7717425 1203647 3046552
6021331 3117601 4237124
3070807 8705874 2880699
2565807 4836605 5907652
7441861 2470947 2404078
6377805 3251937 6161268
7108738 9665444 4674621
5279021 3076998 3798826
6673194 9907002 2620048
9847404 1525743 1753664
2603820 2382703 8050263
8930680 3269525 2911709
8825334 5695526 5835021
7898141 5248235 9535581
6361475 8718405 5732739
3778768 8323972 2672447
4501333 4892658 9335533
4424069 9727550 5075101
9253668 4559154 4186263
3790192 2548414 5569602
8067721 3260155 6667444
8943080 9159903 5309087
7454862 3362130 6184852
7186519 8042209 9727550
1943001 2622344 3080918
9625145 3850538 2870593
9116739 5295087 6088106
9845745 8059272 3160116
6993607 2049255 4588555
1311156 3366132 6898555
6372573 2421317 5129248
2534286 3850538 8623614
1400949 8447684 9711106
6953222 3029039 6583040
2152694 9521066 9217052
9027747 1286229 7561654
5776751 2812142 1564780
8499650 3076998 6830314
1566643 1913071 3138614
9424798 7015105 5309087
2279785 2719514 4237124
4099407 8525007 7032848
6791557 6445775 9995408
2775527 1286229 2719514
6604301 7565635 9755759
5302766 8396005 5072594
4399428 5794558 4015412
2000426 8505031 6617447
2736215 1325509 4216629
5983687 3306180 3161886
2360046 9883380 6210331
4764081 4810660 9591800
8179388 7462411 4216629
1595109 4676572 4892658
2338730 6069209 6403227
3512592 9614183 4001552
5540528 7178132 1770027
5578781 4264104 8447684
6988323 6859495 4321948
1922192 6762387 8042209
1457134 3500575 8007011
1817766 4892658 3345792
5341461 9914557 9251684
9517959 6018060 5067077
9676180 6600440 4477504
5007098 2195375 6786267
5801398 9128062 3301908
2461196 4673721 8523573
5665249 6539504 3446705
8329245 5867405 9917646
6270760 3287430 7556649
3445503 1774973 2659308
8352691 2548414 8796480
8835427 4099279 8466467
1747263 1883069 2574197
2060771 3887681 9031133
4399673 2440371 7682874
8935937 3717579 6276088
5829667 8188759 8960674
3914916 3210462 6688959
8914870 4705926 8906773
6250879 3944576 8071158
6545786 3518523 4185829
2502047 3939305 1171221
2841569 7517146 4013487
8506720 5806820 2360418
9954006 4782771 5558618
7273830 6304740 5497733
5394064 8407839 8289536
2912302 4138597 6408157
5594865 5922544 5608550
9445449 4169392 7266683
9172213 7599627 2548414
2488654 5150567 7122300
6473182 1047001 8447684
2665852 1424881 5749070
5196261 3815845 8212144
7974652 8212144 1980317
3888296 8577141 8294615
6793494 6521340 3705583
3825118 1911240 6088376
9478984 1627405 9421197
5251516 9765412 4810660
3151488 2440371 5109478
2899636 5663060 5988334
9833358 8830343 4007706
7463156 6590372 8523573
8732215 9009424 3233282
3757336 5907652 3301908
9387981 8694930 8212144
3585018 4042996 1781308
3325834 4460306 4093246
9143503 2421317 9805276
7473058 9366639 6299341
2720843 9855176 4418723
1466053 1518478 8543977
3505515 5835021 3698183
9792965 9564915 4836902
4492779 5652229 3742666
2435717 2049255 8412362
7381923 3107313 2629459
8844208 8097925 8407839
6927552 4705926 1345981
9276523 5877838 8805041
2891338 3680839 2694088
8313704 8796480 9199604
4793684 4696025 2880699
6500222 1674922 4654269
7704137 4014459 6870395
6409475 3476672 3325053
9805140 3076998 6691958
8392209 9498596 9421847
6911622 7123692 2719514
5620343 6990148 6312458
1495815 7321047 2380185
4625830 2493422 1891019
5972003 2503920 4492553
9134531 6067183 9396533
6231346 4576470 4490081
6946410 2781061 8070730
6141961 7040616 8670552
2069881 1544265 2352991
3477343 3518223 7390644
6775159 4603587 9487744
1016689 8105774 9588363
1990959 8468920 9135404
2793091 8225297 5087550
4165712 1039390 1530030
8021116 4164397 8525007
4702709 1695681 1285329
3809791 1780975 2227164
4966577 1586935 1379941
4803916 1527058 5460907
1490626 4436541 3864316
8712376 2590939 1249068
6356479 5335243 9553624
6304852 5243577 7030056
9591406 4367639 2003803
6351540 7149188 1381701
2180255 6345274 2629401
3092840 5514305 4289464
9336858 4299712 8061403
4964041 7095080 1381701
8487556 5150567 5276478
3097490 9997033 6643797
1844440 6590372 5289247
2094089 8636960 7178132
3596334 1810044 5569602
1227409 5514305 9924584
3984168 2253806 5059580
2467489 9834532 5310000
4424247 1890625 1958807
9548775 1284583 7266683
5495505 1208849 1358967
6382043 6020026 2215009
5306732 7556649 9748472
1996024 6088376 2422475
1231355 1525743 7014089
9078557 7176566 1680602
5061816 8830343 8960969
6670375 6030846 2782312
1430718 6539504 5997858
2764842 2731483 3278591
9791830 2748326 9813648
1249483 2963130 1456460
1354599 3921140 9503861
8795820 6766440 3697625
3864919 3688829 1518357
9887089 7095080 4836902
6646046 2640684 1810044
6199702 7504347 4325942
2525676 5841397 5558618
9129666 2859400 1627405
5574587 9658267 2782312
5295758 1718419 7873296
9923496 8718405 4913926
8275111 9175976 5491787
5080026 1377636 1611436
3246710 7469763 6830224
5007580 7606368 5226922
9902810 3326681 5273490
1894700 4142172 7517146
2670318 2184091 8562541
8567697 3934237 6088376
4599158 3236650 7583826
5658031 8827646 8897015
4644546 5988334 4996307
3883535 5892844 8133032
4960179 1637816 1674922
4101136 3533505 2213244
5407595 7660213 5988872
8326753 6638648 8133032
2209512 9904070 9575659
2406194 5035714 3349375
2338932 6401569 9854249
5542080 7827806 9831882
5981044 8561115 3039238
9783085 2317595 5678271
9472016 8785774 8181628
7434420 3878849 4436541
2971224 7905770 4155261
2742464 4679249 3739391
3802488 8569729 9004841
3899055 3688829 5857673
4864518 5360952 2931615
3679898 2380185 8481881
9535613 9203721 6161268
2486041 1203647 8041092
3871824 3947473 8007011
7805566 9997821 3687253
8658213 2272465 5695224
3224797 2225831 9132947
9287065 8836763 2599650
5315222 8126929 9009424
1816247 7482746 1912802
5954724 3686350 7448467
1539397 9656025 7949598
4733513 8050263 8357380
2234499 4436541 4300594
4894684 8032201 8958698
4303801 1253738 8768854
6950925 9004841 4608464
2904264 5379470 9344641
8114854 7596085 9623008
1016915 5988334 2784664
8779281 4785845 8110203
2006005 2695050 6377827
6092785 7471607 1039390
6117237 4155261 4356818
1206929 1943750 2262405
6860939 6408157 1958807
9558989 3160733 5059580
9439732 8186036 6811488
4177608 5794558 1804963
7601601 8096076 7745490
2183361 9997821 5118627
7692458 5761731 8705874
1519144 9203721 8858869
6360701 3610522 1356050
6251868 9482128 5067077
2477090 2599650 8891357
9022362 1142178 7113222
3593365 8553020 5724618
6860813 8897015 1377636
8957612 6192010 4122581
4168510 9390857 7015105
9128315 2149171 8525007
8103750 3206383 5835021
8357009 6299341 8861953
7313837 3858863 8481881
4458628 5427003 3361999
1183438 8188759 1676555
1181444 9019463 3499962
2940597 7504347 7482746
2160336 2626182 6414110
7678680 1617181 1160908
4209304 8183303 8477210
9754000 7051638 7030056
8545817 7872682 9487744
2721068 7784709 6730182
1714818 2644898 8314663
9979522 3680839 1774973
8112769 8407839 5337814
9492979 1578488 6132200
5228893 7747713 2784664
3631758 2380186 1358967
1695668 6961055 3589214
3977112 9295451 4971085
4962632 7269259 8070730
7815802 4413575 2184091
1370709 7781749 6539504
4697093 1591517 1544265
6780623 3349375 9199604
8093596 6345274 2705249
3751437 3733155 4398678
3283824 1381701 8968606
3732339 6017473 7465412
1907907 5886183 4628544
3714586 3278591 8443527
6514703 1674922 8518972
1713340 4071490 3726108
6658233 8225297 9765412
7457381 5150567 5115378
2346610 5955234 3306987
1095635 4588474 8387361
8741399 8460435 3140252
8650557 3235439 9989837
4348245 4665903 2492448
4188076 1160908 7983797
3760373 5474036 3199466
2588900 8396480 5985233
1938329 2246555 8851674
1195274 2184091 3578784
5828643 9199604 8807749
1079711 4552543 6585935
4531129 4186263 3955879
4688895 7543869 7872682
5021619 4892658 2645139
7016776 5695224 1807949
1089917 5886183 7248232
9829221 3948784 2941363
2359486 5924985 7207863
2087918 8070730 3507501
1157939 7269259 5209969
3665573 7410302 3638468
7886178 8861953 5601423
7145265 2953305 7113222
3183714 5720423 6927800
6479979 4892658 7131389
2155343 3775242 3739391
7874547 5835021 8167723
4522922 6445775 3026044
8850819 2317032 5683379
3237773 6218287 2118728
7817233 4007706 9213234
1064569 3180978 2886815
8820839 3760986 3947473
5644297 3623115 1662582
8791820 2942050 3739391
9220176 5095128 3476672
3045094 7167267 7187335
2548525 2958398 8126821
3380388 4836902 5535452
6667933 7125482 1205367
3561486 1586935 6766440
2823133 4674621 8034132
7736726 3307165 2215009
6096080 4849324 7380709
1573752 6204146 2812142
8880781 8696569 8903613
7876553 6743118 5425421
1129513 5558618 8768854
8722602 4700392 6017473
4555422 3471273 5732739
5629434 2332464 7787430
5405588 4315243 6880940
2558330 3268661 2812142
2147159 9834532 3094898
3324666 2523873 4714107
5072245 8734244 3408489
2160831 3106146 8505031
9665933 6002365 3500882
5441121 4725917 1672375
6040811 2184091 7281820
8703032 4674621 3320441
7236231 1205367 8900808
4486468 1801405 7820714
4823243 9221733 9596154
5455537 7882872 6652870
3013178 6055093 7171029
9990729 6673843 7882872
